2375
2377
2379
2380
2381
2382
2384
2385
2387
2390
2391
2392
2394
2395
2398
2399
2402
2403
2404
2405
2406
2407
2408
2375
2409
2410
2411
2413
2414
2415
2416
2417
2419
2420
2422
2425
2426
2427
2428
2430
2431
2433
2435
2436
2437
2438
2439
2441
2442
2443
241
242
243
244
245
246
247
248
249
251
252
253
254
256
257
258
260
267
270
272
274
276
278
279
280
284
286
288
289
291
1179
1180
1188
1192
1194
1196
1199
1201
1202
3334
3343
3344
3348
3350
3356
3357
3358
3361
52
53
55
59
60
61
62
65
66
67
68
69
70
71
72
73
74
75
537
543
545
547
853
854
855
861
863
865
867
1387
1393
1395
1397
1398
1399
1401
6790
6797
6799
6801
6802
6803
223
225
227
229
1246
1247
1248
1250
1252
1253
1442
1443
1449
1452
1453
1454
1455
1456
1457
1458
380
381
383
384
386
687
695
696
697
699
1124
1128
1131
1132
1653
1657
1658
1661
1663
1863
1865
1866
1871
1872
1873
1876
1877
3039
3040
3045
3046
3048
3049
3050
3100
3101
3104
3106
3108
3109
3663
3668
3670
3672
4238
4243
4247
5052
5053
5054
5055
5060
5061
5064
5065
95
96
98
99
100
102
105
106
107
840
848
1140
1141
1142
1143
1144
1145
1148
1149
1151
1261
1263
1264
1267
1268
1342
1343
1345
1349
1352
1354
1355
1375
1376
1379
1381
1404
1405
1407
1409
1411
1412
1413
1415
1417
1668
1669
1675
1676
1677
1679
1680
1681
1827
1828
1832
1835
2086
2093
2096
2230
2231
2232
2233
2588
2597
2625
2634
2762
2764
2765
2767
2770
2772
2774
551
552
556
557
558
876
877
1600
1604
1606
1607
1608
1609
1610
1611
1642
1648
1893
1897
1899
1901
1903
2026
2027
2030
2032
2033
2034
2471
2472
2473
2800
2803
2851
2852
2853
2854
2875
2879
2881
2882
2883
2886
3492
3498
3502
4249
4533
4538
5775
5779
5781
5782
7153
7154
7157
7159
7160
7161
7163
7332
7335
7338
7340
7342
10
26
28
152
157
159
348
353
360
363
491
496
497
500
825
888
889
892
961
962
1074
1076
1205
1332
1334
1337
1338
1339
1341
1483
1486
1488
1762
1764
1804
1811
1814
1815
1889
1997
2003
2005
2299
2300
3136
3316
3317
3319
3771
3818
3819
3823
3824
3825
3827
3958
4090
4092
4111
4112
4144
4579
4580
4582
4880
4885
4979
4986
4987
4990
4991
4992
4993
5142
5147
5148
5793
5795
5796
5797
5798
5800
5802
8080
8081
8083
8085
8086
8087
113
118
293
310
314
315
316
464
483
561
564
565
567
579
582
583
585
592
624
763
764
767
782
787
788
973
1158
1432
1437
1438
1515
1516
1517
1543
1545
1547
1554
1555
1707
1711
1817
1819
1820
1822
1881
1884
1936
1937
1938
2077
2081
2082
2083
2139
2142
2239
2241
2249
2250
2255
2310
2334
2335
2337
2338
2340
2363
2638
2665
2669
2860
2861
2891
2896
2897
3074
3079
3443
3447
3448
3623
3624
3627
3629
3709
3778
3900
3903
3904
3937
3938
3941
3942
3944
3969
3974
3975
3977
3978
3980
3981
3984
4013
4059
4060
4061
4064
4065
4223
4224
4357
4358
4359
4361
4363
4364
4413
4414
4483
4528
4583
4584
4585
4592
4593
4596
4597
4736
4737
4740
4952
5115
5201
5205
5233
5234
5367
5572
5573
5576
5614
5649
5653
5662
5734
5735
5738
5879
5880
5883
5886
6115
6116
6117
6118
6119
6120
6121
6122
6339
6341
6342
6518
6519
6522
6523
6578
6580
6581
6582
6713
6743
6747
6750
7257
7259
7261
7262
7263
7264
7466
7467
7468
7469
7470
7472
7473
7550
7551
7553
7554
7555
7556
7557
7558
7561
7814
7815
7819
7820
8205
8206
8207
8209
8210
8211
8212
16
44
121
139
173
174
195
197
198
200
238
299
304
307
328
331
332
342
344
345
347
365
403
411
417
423
431
439
443
450
454
467
469
473
485
487
490
506
512
575
577
578
597
607
610
640
662
672
684
747
760
775
795
798
803
807
808
831
832
834
835
882
900
901
903
904
930
965
993
1033
1037
1045
1101
1133
1167
1215
1231
1270
1272
1273
1276
1426
1473
1565
1568
1571
1586
1594
1627
1633
1636
1638
1691
1692
1695
1697
1744
1747
1782
1785
1790
1794
1795
1798
1800
1849
1850
1915
1930
1945
1948
1982
2048
2049
2117
2124
2131
2148
2180
2210
2211
2213
2247
2257
2261
2263
2323
2324
2327
2328
2330
2331
2342
2343
2345
2460
2519
2522
2532
2533
2549
2649
2650
2652
2653
2657
2658
2661
2671
2674
2675
2743
2826
2829
2830
2831
2834
2869
2872
2873
2889
2962
2965
2967
3018
3019
3020
3021
3022
3023
3068
3084
3086
3087
3114
3118
3119
3122
3142
3150
3151
3153
3155
3172
3173
3177
3180
3182
3199
3202
3204
3224
3226
3227
3263
3265
3266
3275
3276
3298
3301
3320
3323
3324
3325
3372
3375
3377
3471
3472
3474
3475
3476
3491
3504
3542
3554
3589
3592
3594
3610
3611
3613
3615
3638
3639
3640
3641
3642
3643
3644
3650
3651
3653
3654
3655
3677
3678
3681
3683
3684
3686
3688
3742
3794
3797
3810
3811
3813
3815
3833
3838
3839
3858
3882
3883
3889
3891
3894
3906
3910
3934
3964
3985
3986
3987
3988
3989
3990
4123
4176
4256
4274
4276
4277
4279
4284
4287
4320
4322
4323
4324
4327
4329
4334
4335
4341
4392
4396
4431
4491
4544
4642
4643
4680
4691
4692
4695
4784
4785
4791
4792
4794
4795
4804
4805
4847
4850
4852
4912
4913
4915
4955
4958
4968
4994
5044
5119
5120
5122
5123
5211
5212
5213
5215
5217
5291
5294
5295
5298
5299
5300
5310
5311
5314
5319
5320
5322
5323
5324
5329
5330
5373
5401
5440
5445
5483
5485
5486
5495
5515
5516
5519
5641
5671
5673
5674
5675
5676
5680
5681
5683
5684
5685
5687
5688
5711
5712
5713
5714
5723
5727
5758
5759
5760
5761
5763
5819
5822
5824
5857
5939
5940
5941
5942
5958
5960
5961
5962
5963
5964
5965
5966
5971
5973
6036
6069
6070
6071
6072
6073
6074
6162
6165
6169
6171
6172
6175
6181
6188
6190
6191
6193
6212
6213
6214
6215
6216
6217
6258
6259
6261
6263
6313
6314
6316
6317
6318
6324
6327
6329
6382
6475
6476
6477
6478
6531
6533
6534
6536
6563
6566
6567
6603
6606
6609
6611
6634
6635
6637
6638
6659
6661
6662
6664
6697
6698
6700
6734
6774
6778
6807
6858
6859
6860
6861
6863
6887
6888
6893
6894
6896
6898
6909
6910
6911
6912
6913
6914
7066
7165
7166
7168
7169
7229
7230
7232
7233
7234
7239
7240
7241
7242
7243
7311
7312
7314
7315
7316
7362
7365
7366
7367
7380
7381
7389
7408
7411
7443
7445
7446
7448
7465
7598
7599
7600
7601
7603
7694
7759
7762
7768
7862
7865
7867
7886
7889
7911
7936
7986
7989
7991
8063
8188
8189
8191
8192
8193
8240
8243
8244
8259
8262
8263
8266
8267
8280
8282
8283
8284
8285
8312
8313
8315
8316
8330
8364
8365
8385
8388
8389
8454
8457
8459
8477
8478
8479
8480
8481
8482
8501
8502
8503
8504
8505
8506
8552
8555
8556
8557
130
163
165
179
181
206
233
627
629
710
723
725
884
896
977
1014
1046
1048
1301
1303
1363
1365
1368
1439
1475
1507
1509
1524
1539
1598
1786
1788
1939
1975
2009
2040
2290
2362
2618
2714
2725
2866
2868
2992
3009
3013
3014
3015
3016
3024
3031
3145
3146
3147
3148
3161
3165
3167
3209
3211
3221
3223
3255
3289
3291
3399
3401
3419
3421
3454
3456
3457
3484
3505
3506
3507
3508
3619
3645
3646
3717
3755
3788
3807
3809
3918
4014
4040
4042
4047
4049
4050
4114
4116
4118
4190
4198
4200
4214
4266
4294
4296
4302
4423
4424
4425
4444
4459
4516
4601
4613
4759
4762
4812
4814
4828
4864
4943
4944
4945
5192
5248
5250
5281
5331
5332
5333
5335
5340
5348
5349
5350
5357
5358
5359
5393
5394
5395
5410
5412
5417
5418
5419
5420
5467
5477
5746
5764
5766
5767
5786
5788
5789
5817
5843
5860
5862
5863
5902
5904
5905
5953
5955
5957
5987
6006
6008
6009
6080
6137
6139
6199
6228
6230
6238
6239
6240
6250
6252
6286
6288
6292
6319
6347
6348
6349
6352
6353
6354
6355
6399
6448
6449
6450
6459
6460
6461
6482
6528
6529
6530
6547
6555
6557
6558
6559
6560
6585
6642
6648
6650
6687
6753
6755
6813
6817
6819
6823
6824
6825
6826
6827
6828
6829
6936
6937
6938
7074
7076
7077
7079
7080
7140
7142
7143
7204
7206
7207
7245
7246
7248
7265
7287
7288
7289
7290
7294
7295
7296
7398
7457
7459
7460
7479
7480
7481
7501
7526
7528
7611
7649
7718
7738
7739
7782
7798
7800
7801
7957
7959
7984
7996
7998
8013
8014
8015
8026
8077
8079
8091
8115
8117
8154
8214
8216
8217
8249
8251
8252
8288
8290
8291
8293
8295
8358
8360
8394
8396
8411
8413
8414
8460
8462
8463
8483
8498
8499
8500
8535
8537
8538
86
87
142
143
234
455
456
529
530
789
1232
1233
1440
1518
1525
1541
1542
1612
1716
1717
1767
1768
1773
1774
1940
1949
1950
2349
2350
2483
2484
2515
2516
2863
2864
2993
3017
3032
3060
3061
3062
3126
3149
3156
3157
3162
3214
3215
3235
3236
3241
3242
3256
3279
3280
3281
3282
3283
3284
3285
3286
3287
3288
3413
3414
3437
3438
3450
3451
3458
3461
3462
3485
3509
3566
3569
3570
3603
3620
3647
3656
3657
3712
3713
3736
3743
3744
3919
3976
3993
3994
3995
3996
4015
4051
4056
4057
4156
4191
4215
4267
4368
4369
4417
4418
4644
4645
4660
4661
4763
4766
4767
4859
4860
4909
4910
4941
4942
5029
5030
5133
5134
5153
5154
5242
5243
5257
5258
5259
5260
5267
5268
5303
5304
5307
5308
5317
5318
5341
5380
5381
5389
5390
5421
5434
5435
5538
5539
5546
5547
5598
5599
5606
5607
5693
5694
5720
5721
5747
5754
5755
5768
5790
5864
5875
5876
5877
5878
5889
5890
5918
5919
6000
6001
6002
6003
6010
6011
6012
6075
6076
6081
6103
6104
6186
6187
6194
6195
6200
6218
6219
6253
6254
6255
6256
6257
6268
6269
6272
6273
6274
6275
6282
6283
6284
6285
6301
6302
6303
6304
6305
6306
6322
6323
6345
6346
6356
6357
6358
6365
6366
6367
6368
6373
6374
6390
6391
6400
6407
6408
6419
6420
6436
6437
6446
6447
6455
6456
6473
6474
6483
6486
6487
6490
6491
6511
6512
6526
6527
6542
6543
6561
6583
6618
6619
6643
6674
6675
6721
6722
6830
6831
6832
6835
6836
6839
6840
6852
6853
6854
6855
6875
6876
6889
6890
6903
6904
6915
6916
6917
6918
6919
6920
6928
6929
6932
6933
6978
6979
6982
6983
6986
6987
6990
6991
6996
6997
7048
7049
7050
7081
7082
7083
7086
7087
7091
7132
7133
7136
7137
7138
7139
7144
7149
7150
7174
7175
7176
7177
7200
7201
7208
7211
7212
7215
7216
7223
7224
7227
7228
7237
7238
7291
7292
7293
7325
7326
7343
7344
7345
7346
7454
7455
7456
7474
7477
7478
7502
7503
7504
7517
7518
7521
7522
7523
7524
7529
7530
7531
7532
7533
7542
7543
7568
7569
7574
7575
7585
7586
7595
7596
7597
7604
7605
7612
7630
7631
7662
7709
7710
7724
7725
7726
7727
7735
7740
7777
7778
7783
7790
7791
7796
7797
7802
7807
7808
7821
7826
7827
7832
7833
7834
7835
7838
7839
7844
7845
7853
7854
7881
7882
7883
7890
7891
7904
7905
7929
7930
7939
7940
7985
8003
8004
8007
8008
8009
8010
8092
8095
8096
8113
8139
8140
8143
8158
8168
8170
8171
8172
8180
8182
8183
8186
8187
8196
8197
8198
8199
8213
8218
8227
8228
8238
8239
8254
8255
8292
8319
8320
8341
8342
8343
8344
8353
8354
8398
8399
8400
8401
8402
8403
8404
8405
8406
8409
8410
8415
8416
8417
8420
8421
8422
8423
8426
8427
8428
8429
8432
8433
8440
8441
8444
8445
8446
8447
8448
8449
8450
8451
8452
8453
8465
8466
8469
8470
8473
8474
8475
8476
8492
8493
8494
8495
8496
8497
8509
8510
8515
8516
8517
8518
8519
8520
8521
8522
8525
8526
8527
8528
8529
8530
8531
8532
8539
8540
8541
8542
8543
8544
8545
8546
8547
8548
8549
8560
8561
8564
8565
8566
8570
8571
8572
8576
8577
8582
8583
8586
8587