2
3735
6
2280
5475
5891
12911
23175
9
9832
10
13736
20932
22148
12
28137
19
4168
23
2424
7122
16426
19594
24329
25
15547
26
4486
27
5580
31
6921
23095
28180
32
4417
18792
20606
35
7067
15667
20155
42
4615
46
4551
48
5255
55
4864
29845
60
259
267
3815
3886
4158
4511
4890
4922
5444
5614
5660
5706
26594
68
4807
71
236
4155
4494
74
193
4140
5351
75
22703
24768
80
16389
23935
85
4616
87
4212
91
971
93
1673
12057
12201
18254
22134
23555
96
97
261
4276
4280
4285
4290
5659
105
9986
14347
106
5188
108
26520
29458
109
7551
26077
26682
29476
111
5020
14604
14906
112
5030
113
15185
15716
114
5094
128
5122
130
4652
4719
133
15487
135
4738
5806
16013
136
15465
137
14432
140
202
147
16478
148
3436
24517
27849
149
3383
6808
6846
26059
28047
153
5050
156
5776
27617
159
14900
162
727
5121
164
22796
168
4911
170
27711
171
4568
4611
5235
177
15118
29552
182
216
25187
186
4860
187
24811
188
2008
190
8918
196
4131
5705
198
6239
204
228
4902
5388
219
13885
220
3792
229
4171
5490
237
4849
239
4971
244
9588
251
1894
3925
4246
4509
13148
15215
20510
21896
24872
271
3888
274
28414
279
8098
284
1779
287
4645
27410
292
723
295
27616
299
5053
5137
5819
302
977
1216
1336
1376
1381
1385
1386
1387
1390
1397
1399
1403
1407
1410
1584
1586
1587
1588
1590
1592
3603
3997
4086
10131
15945
19312
303
5143
12839
305
13555
307
15737
309
17430
311
5850
312
10037
314
7283
16722
29632
317
6191
318
3344
18432
19075
23725
323
3833
326
4350
4371
6164
332
24574
344
23217
346
5872
5880
5884
347
4954
357
6041
360
972
6001
10858
13805
364
5909
5968
6307
371
6344
27272
375
5990
21084
382
11811
383
6617
6630
26608
384
6623
390
8366
391
17566
393
14560
395
6005
13080
396
403
6683
6684
397
14564
399
400
6710
12791
14562
25040
405
5482
8994
11091
22743
24771
410
9997
26307
28389
420
6805
423
14745
19436
425
6389
430
4987
8361
9314
11899
14327
19029
25809
28427
432
461
438
6495
6500
443
11993
445
7384
21440
22030
448
24582
25432
453
16636
455
29879
457
7094
7249
26616
458
6824
7093
16379
459
6577
7154
16662
460
11975
462
2258
7152
26851
463
7120
464
16341
20020
22270
472
6483
473
18112
476
2766
8217
14706
477
7077
478
23657
479
23104
483
7038
487
7151
7306
11983
488
16323
491
7897
16622
492
18357
497
7040
7132
7189
499
21010
501
509
503
24604
504
6240
11042
13592
16149
510
552
16633
26619
517
16315
520
3852
523
6862
7005
7150
538
8130
21167
22817
25404
541
6857
7253
7387
543
7291
16665
16677
548
11969
558
879
7364
14004
16980
20153
559
735
6870
16317
562
11274
11858
23283
568
13669
573
8488
14871
22748
574
29042
577
12045
578
12012
584
6986
585
22099
587
23919
600
15835
606
12811
615
6695
616
633
621
5293
11539
13147
15799
16694
18942
19463
19811
24384
27866
622
6060
623
14986
625
13581
626
5100
5763
15147
15188
15192
16542
629
12846
631
13126
638
3716
639
648
4958
13407
13414
641
7158
654
4425
22534
659
14006
660
14007
14254
14262
674
14563
680
1163
7336
27148
27953
696
21604
699
17521
21393
23331
25774
701
14409
702
5762
15775
703
4710
4740
5852
712
15182
15723
720
14902
724
9404
27381
28499
728
6836
732
4098
28873
733
14828
734
16685
737
5855
6979
13647
21704
741
15638
742
16619
744
1114
7055
746
28091
747
7918
28431
752
6918
7148
16064
753
6861
754
4431
16634
24754
755
6467
11302
756
19650
760
24934
761
12293
762
1465
12310
766
4289
5249
21423
771
18352
778
2942
20693
25712
783
5170
9020
19248
784
12010
791
12426
792
11144
12459
28879
793
10177
24220
28932
794
29128
797
6902
10171
10448
13744
14608
17693
18144
22419
798
5941
6032
6072
800
10465
801
24752
804
11304
29486
805
23487
806
28990
818
13750
13763
825
4493
5402
828
29077
832
16100
27294
835
14077
845
17587
17593
846
17188
22231
848
5147
22251
851
3880
12354
857
14041
858
14833
863
2972
12052
14484
868
4569
16976
22406
870
14922
878
13334
28158
880
21555
881
16117
885
20921
21723
23311
887
13075
895
9653
9885
9913
10430
897
24132
902
14035
903
15832
23563
24152
905
13627
909
5886
26481
914
19695
916
16477
16499
19600
24461
918
11739
925
974
927
8969
12987
932
1523
9333
9365
934
11085
936
9663
10249
12648
937
12369
13241
28355
951
13247
952
8134
953
28081
956
1836
29364
958
12917
13249
13272
13531
15035
966
15505
22363
24801
967
6567
11081
12146
975
13826
13846
13856
978
13834
982
21138
984
19118
23186
23203
23521
24387
24734
25284
986
3521
12205
991
9316
9813
14739
20657
20661
20665
20667
20896
23074
25294
994
16300
996
19295
1002
14429
1006
15960
1007
5933
9304
14535
17957
19036
26138
1008
8887
25749
1009
9306
9940
25469
1012
1026
14752
1015
21767
21801
22079
22091
22105
1018
18685
1021
7560
10864
1023
9998
12431
1028
15010
15034
15047
1030
15039
1035
26555
1036
15327
1045
15636
1050
10720
12621
16194
1052
7938
28368
1057
15620
15930
1058
13513
16173
1059
13495
1060
16485
22453
1067
12139
12158
16507
1068
3955
14654
1071
15843
1085
23192
23261
1087
1958
1088
16523
1091
12101
1093
15608
23932
1094
15891
1099
15625
1104
7521
11733
21648
22308
24558
1108
15627
1109
1110
12460
13749
1115
8253
15004
18073
18111
1117
16927
21804
1125
1562
10543
1131
10552
1134
15653
28306
1137
29102
1143
22592
1153
3125
1157
3405
9408
27555
1168
15710
1170
11016
1172
15713
1173
2208
1175
4778
1181
26670
29326
1188
1902
1202
14994
1213
13876
1215
13917
1219
5325
5671
1226
22994
24286
1233
23091
1238
1488
1240
8192
1246
3052
15251
1250
11359
13152
18115
1255
8072
1256
26969
1261
7506
7580
13597
1266
13796
15224
16118
1268
29513
1272
1313
5153
1277
7621
15108
1281
11011
1282
7930
8501
1285
2039
12445
1289
8080
13618
1290
1798
1292
29335
1296
4429
9039
9955
15530
28557
1297
23438
1303
21039
1306
24648
1309
28646
1314
16290
29756
1315
27865
1316
7101
1318
16725
24230
1320
29612
1330
8946
9300
1334
9869
1335
24833
1337
9239
9267
12334
1339
7146
9238
9865
1341
18988
23423
1343
2133
1346
22203
1354
9821
1355
8980
9574
9577
21272
23321
25601
25776
25845
1366
6535
7275
1379
1409
10176
10414
1380
10801
26376
28468
1389
29538
1408
10134
10155
10442
10444
10703
10716
10797
1418
7868
1427
7562
13648
1429
3119
8777
16700
24318
1440
21119
1444
2441
12913
1445
8205
25792
29507
1447
6634
1450
8403
1458
14522
1462
25957
1469
28055
1471
3111
4026
4774
5467
5675
7016
11877
12230
14520
18620
20240
25807
26946
27981
1472
3702
1475
7569
7879
8394
1476
8942
12461
12750
13432
25723
1477
13743
28573
1478
5286
1480
8088
1490
15634
26229
28242
1496
7813
1497
11305
1500
28344
1506
3153
24058
1508
2741
13493
1509
11329
18168
18539
1513
9074
1516
1533
1517
13245
1518
2309
10482
12669
19445
20132
22506
23318
24971
29659
1525
9941
12944
1530
19139
1532
8036
1534
13218
1541
1860
9358
13454
16204
18429
24356
24429
1544
13397
1554
9334
9893
9948
1560
8325
1566
10524
10530
10782
1570
26590
1572
13196
1575
20350
1581
9747
14972
17410
18859
1582
8200
1591
10740
28359
1594
23082
1596
11364
1598
10849
1601
25853
28983
1605
7640
7715
1625
7741
1627
24196
1628
4175
1646
29723
1653
9396
13833
1655
15637
1664
26497
1665
8547
1666
7940
1674
22584
1676
10012
1677
13179
1679
8854
1683
9426
1684
1752
9384
9421
10580
11475
1687
9975
1697
11740
1700
1718
1763
9097
9140
9398
9712
10871
1702
9231
11695
1706
20570
1712
10914
1720
7485
8605
1724
25782
1735
10290
11189
1738
10608
1739
10273
11174
1743
4606
10921
11773
25956
27992
28282
28757
1755
8645
1756
10594
1758
2872
6374
9211
10874
12772
12826
13756
22469
22831
28612
1759
1771
7984
1775
9775
1785
1920
1789
11488
1791
28066
1793
1911
1913
9096
9208
10563
10873
29124
1797
10898
1803
21032
1819
14103
1821
10995
11802
1827
8629
10956
29116
1829
12601
1833
11397
1844
22582
1846
7765
8052
11429
19129
1847
10090
11528
1848
2144
1853
6826
6950
7036
7234
8759
12127
13599
17310
17605
1859
8053
1864
7671
1865
8001
1866
8023
1870
7639
11516
1871
10278
1872
25763
1876
10957
19527
1882
7636
8625
11545
1883
2653
22846
1890
14370
15399
1892
14635
16642
18537
23834
23852
1893
8026
1897
8301
1900
8028
8288
8333
1903
8039
11363
1907
10698
1908
15934
1909
29500
1910
15287
18760
1917
9128
1925
1956
21532
1926
7826
11466
19851
25777
1932
26913
1934
1959
1935
9800
1938
9497
13538
1940
1943
1944
9501
1945
11289
1952
11290
1954
9508
1957
5807
1960
13339
22085
1963
22272
1964
2401
1965
1974
21224
21310
23034
1967
3122
9806
21257
23013
1971
22464
22723
1979
22318
1987
19280
1988
15256
1989
19798
21245
1991
2512
21244
24190
1995
20859
26227
26237
1996
4965
27046
2000
24397
24982
2002
23062
2004
3033
3364
19066
2007
23524
2009
21242
2023
9065
16140
29778
2028
15317
2029
17038
21724
2031
21721
2036
2096
22517
22604
22884
22911
25765
2040
22285
2042
22037
2043
2065
2048
7274
8886
22625
24639
2050
11588
13836
28698
2054
9509
14430
18301
2056
9849
9850
14128
2057
22641
22912
2059
2170
10811
25440
2060
22297
2063
28688
2068
9243
9247
14761
19064
23813
25265
2071
9280
10310
12387
16681
23541
23565
24707
29830
2074
23485
2075
10822
26393
2091
14216
2094
17016
2095
26455
2102
2422
2654
5191
12048
12062
21873
24070
2103
2127
21892
24644
2113
2118
2114
21848
23473
24071
2123
21849
24362
24626
2125
4525
2126
2325
24913
25307
2130
23504
2131
11923
2132
7503
2136
24938
25321
2151
10820
25188
25232
25239
2154
12000
2167
22461
2171
16832
2175
2196
2180
3212
2190
21803
2192
13819
21531
2194
13866
2203
22086
2205
16123
21201
24113
2206
4464
29012
2215
26706
2223
27365
2227
16808
17112
23705
2237
2517
20161
25640
2238
16793
24053
25560
2243
21279
24847
2250
10598
12697
19506
21003
25628
2251
9571
2256
28115
2257
23178
2260
2565
2264
20842
2265
18296
2267
2290
2268
11568
13596
2272
9123
2274
23876
24101
24122
2281
29917
2282
2283
24684
2289
23604
23704
25009
2293
24735
2297
2319
24972
29828
2298
24435
2299
4483
9935
24741
24756
27521
2304
6908
10265
18133
24393
24415
2307
20887
2308
2311
12616
13170
23833
2313
2316
18180
2314
18249
21141
23212
23579
23754
23836
25270
2315
12873
2320
18266
24163
2328
21601
2331
23746
2333
16200
2337
15160
20539
2339
21847
23759
24073
2342
23764
2346
24634
2350
22135
2352
8491
2354
22186
2359
22185
2365
22182
2367
2637
12474
12595
12783
17212
18891
22184
22847
2370
22159
2371
4010
28033
28237
2373
14951
15213
16135
16144
2384
7241
2392
24777
2394
2991
20655
20659
20903
20908
2399
2634
8083
17045
23571
23815
24992
2400
17911
2405
20255
2411
24299
2414
28686
2416
25718
2418
7104
7255
12540
2419
6116
2420
18243
2426
21435
22975
23692
2432
20443
28052
2433
17344
24177
25137
2434
23715
2436
23328
25997
28717
29246
2444
2677
28817
2446
2458
2447
11219
2452
11485
18490
19563
2453
6222
2459
2629
2464
18381
2471
16468
2479
25634
2480
14120
19448
2482
4477
5408
2488
16945
2492
17364
22385
2496
18759
2499
20623
2503
15416
16301
2507
16360
2508
21327
22772
24987
2510
19402
2513
5130
17273
2515
25671
2516
22565
2518
5699
14653
17006
19211
24006
2519
9539
19359
21676
24424
27295
2522
11282
2523
19954
2525
24822
2528
15526
15566
2538
8670
2546
13992
2549
21919
22249
25666
2557
7674
18529
29291
2558
5062
21461
23480
23741
23745
25714
2566
2702
22513
2568
22519
2570
22541
2571
22511
2572
27701
27856
2573
23140
2574
8093
9015
16320
2576
2588
2582
25719
2583
22494
25736
29867
2585
22512
25753
2587
17003
23187
2589
11417
2590
26314
2597
24570
2601
3172
2603
23129
23434
26096
2607
19823
25454
2608
2692
12489
18640
22117
2609
12186
2613
14936
16991
16998
22389
23433
24342
25328
2615
19309
2616
5961
6334
2617
8055
25421
2622
23135
2623
22578
28080
2624
19936
2626
27323
2639
19819
26826
2644
19140
21628
23274
2656
18633
2666
25138
2674
24179
2676
13841
27640
27838
2681
21943
22275
23798
2685
12222
2689
16817
2695
24465
2697
3463
25675
27699
28506
2698
18220
2699
3377
22653
29327
2700
18223
2701
7689
11405
2705
17093
2710
18502
2712
3663
2715
15176
2716
25653
2718
21241
21691
2720
6304
2724
15057
23888
2730
5890
18378
2736
24479
2748
3029
8070
13197
2753
20919
2755
18838
2768
19679
2770
3525
2777
20846
2780
29069
29882
2785
25437
25641
2788
25073
2791
2863
2794
20192
2795
20198
2796
20212
2798
20854
2805
26567
2806
20238
20258
20284
2808
20012
22946
2809
20976
2815
13340
2817
13193
14122
16815
17319
22610
23625
24778
2823
3473
2825
17435
2831
2874
2837
3440
20537
26327
28176
2838
25968
29726
2845
15767
16873
29224
2852
7434
2857
18990
19298
19570
20568
2865
3295
4260
2871
17146
17166
27146
2876
7522
2882
17419
17440
20575
2884
18009
2889
18033
2894
18308
2900
15207
26637
2904
11060
2912
18345
23578
2915
20221
27769
2923
16693
2927
19502
2936
12919
2937
18599
19472
2943
5438
9877
13433
21263
25567
2945
19503
19507
2948
19761
22572
2950
11109
20816
26508
28749
2951
21049
2953
26774
2955
19184
2956
20328
2962
29638
2974
23484
24628
2976
20318
20624
20625
2979
18724
20368
20628
2988
20316
2989
25466
2993
2994
2996
20648
20649
3000
19765
3007
16917
16935
17196
3008
17206
3010
10944
3011
3020
3013
17207
3018
24097
3030
17213
3034
17497
3037
17556
17780
3045
17827
17844
18062
27739
3047
14442
17274
18006
21893
24781
28648
3049
3245
3284
3466
3476
16913
16936
16958
16964
17546
17797
17829
17848
17894
17916
18126
18365
18373
18448
18475
19891
19895
19900
19907
19924
20217
20749
21078
27170
27716
27869
27875
27917
28085
28108
28112
3055
28100
3058
25289
3059
3243
18356
18385
3060
7529
8092
19847
25948
3062
11882
17225
28341
3070
18411
3078
14037
14957
3083
23778
3087
10471
3089
18409
18989
19252
3095
22074
3096
19239
3103
20125
3104
19826
3115
18658
3123
19529
3135
18980
20138
3139
14851
16525
23843
3142
20448
3150
19181
3158
13302
15704
17043
18842
20825
23767
3169
20990
3181
23410
3183
26612
3196
17841
24064
3197
17036
3198
23506
3200
3209
3201
19581
3206
4747
12516
3207
6443
28045
3214
17619
3215
19321
3217
19332
3218
17845
3222
19371
3223
20179
3226
21114
3230
18694
3231
18089
3234
18376
3240
12774
3241
3264
3244
18082
18367
18384
3247
21055
3259
19550
3260
25351
3276
16156
17116
23698
3277
20759
20775
20817
3281
3895
12227
3283
23723
3291
28590
3293
17484
3305
12452
23018
23721
3314
17383
3318
18712
3324
29801
3327
10415
3328
5517
3329
18782
26164
3331
3573
18741
3333
21025
3335
3613
3337
15055
27989
3340
3571
3341
8427
3342
28978
3343
10358
3346
29668
3351
29903
3355
7112
11994
3369
7554
8376
8379
16755
18271
28319
29754
3372
26944
3385
10924
3391
20357
28177
3392
25899
3398
3682
3412
28178
3413
29318
3414
25964
3418
26114
3423
18723
3425
29088
3427
25925
25994
3429
28082
3431
3638
11719
19538
19559
19853
26397
27942
3453
29887
3464
4848
16462
26609
29073
3467
23733
3479
28092
3480
16390
3482
8553
15887
3483
10717
3486
28123
28391
28419
3490
28595
3492
28141
3502
28657
28896
28901
3512
6293
3515
17512
17776
27900
28116
3522
7832
20678
3528
27309
27347
29603
3529
3567
3531
12458
24303
3532
27003
3538
3730
29941
3551
27502
3570
19645
3572
8337
3574
26737
3579
26892
3585
9918
3587
5793
3598
27079
29297
3599
12383
3606
19288
3609
29192
3618
26412
3622
17886
3625
28974
3636
10026
11216
3637
19021
3643
26372
3647
26671
3652
16415
27692
3654
28216
3658
12874
28876
3661
29328
3664
27215
3672
4075
3683
27270
3685
25872
27664
29721
3687
4944
5450
3698
27228
3712
24674
3713
9715
3714
19552
3715
28795
3718
25710
3719
26549
3720
26552
3733
6543
6568
7012
7026
7063
7337
7373
3734
4561
3736
3851
3745
23643
3747
5410
26563
3749
18813
3753
17269
3754
18454
3755
22362
3757
29275
3774
4180
3780
22357
3788
6954
15593
18099
21288
23065
27549
3799
4834
3802
17826
3809
4555
3814
12559
3821
5498
3823
4404
3828
5401
3830
20674
3860
4440
3861
28676
3864
4896
3868
17677
3869
17010
3872
4466
4514
5268
3878
4517
5352
5673
3889
7221
3899
9303
3908
8336
16572
3909
5018
15153
3914
4936
6187
16418
21348
22169
25459
3927
5682
3938
5589
3943
4956
13349
22192
29401
3944
26789
3948
26793
3956
3961
3959
26786
26795
3962
26806
26838
27082
3963
26817
26822
3966
3969
13673
24937
26816
26830
28279
3973
27413
3975
4301
5849
28865
3979
19377
3983
5021
5077
11838
27596
3985
13571
3986
27576
3995
26373
3998
20771
3999
4348
4006
28058
4008
6699
17967
4017
28256
4019
21566
21773
4020
28235
4022
28017
4029
28250
4031
22004
4045
28771
4051
28540
4053
17080
4055
23258
29238
4057
8782
4058
28385
29066
4060
20559
4063
20526
4077
8344
4079
18841
4083
29793
4092
25261
27435
4099
11476
4101
17872
4105
26364
4106
14402
4110
16373
4115
4839
4130
4156
5678
6243
4136
9611
4143
4227
4146
4559
4150
16293
26210
29377
4161
4897
9290
24854
4169
5593
26957
4174
5559
4177
12241
4191
4231
4194
14053
18437
4202
4248
4215
15368
4223
28383
4230
4619
4235
19007
4237
12193
4242
9824
4250
6989
4258
4274
4277
4259
26564
4263
4279
4286
4264
4272
4268
4284
4287
4292
4282
4291
4293
4283
10473
19667
4294
22103
29074
4298
4304
4308
4706
24195
4309
6456
8105
18386
19350
19405
21696
25656
29201
4311
18493
4315
18008
4323
19666
4326
27583
4329
6078
4331
5202
4347
26542
4351
4365
4361
4370
4363
9285
11685
16639
4384
27595
4387
10869
4388
4693
4390
5084
5187
5784
14612
4393
21044
4395
11618
4397
5803
27400
27402
4398
28863
4411
20388
4419
4581
4421
4942
4426
12109
13322
13360
17275
18165
20035
20346
20358
4443
8355
4444
5591
4450
15623
4467
5473
20397
25035
4468
5649
4478
5295
4485
4904
4927
5342
4488
28875
4495
19972
4515
5677
4521
9321
11197
16807
23263
23379
4527
17683
21926
25100
4532
17976
18413
23260
4533
13959
4538
24560
4544
4829
5621
4552
4595
4571
4572
4573
26570
4576
24650
4587
4830
4588
18137
24668
4594
4782
4605
15650
4630
5161
15764
4633
9264
15850
16142
4642
4765
4646
10213
11829
4647
5019
5725
16036
4655
26232
4656
27471
4659
5805
4668
22151
4671
15146
4676
12429
4677
15774
4681
6207
15136
26600
4682
5203
16035
26574
4683
5744
4703
24183
4704
28574
4711
5099
9842
4724
7462
4725
5181
4732
16889
4734
14897
23636
4735
4760
15738
4739
4995
27694
28500
4744
9686
18962
4749
15151
4750
28044
4751
5116
4753
24076
4754
25426
4759
5158
4761
14134
4769
6198
4772
14584
4776
10324
22883
4781
13077
13337
4783
4784
4788
10072
4817
11865
4823
9432
11534
11696
4824
4886
4840
21699
4859
11114
4861
11473
12822
16309
4875
4983
4882
14388
4905
4928
4906
5385
4926
5598
4950
5458
4951
5327
4966
5504
26507
4985
29071
4986
13738
4988
9410
4992
5006
8504
14842
5001
6003
22031
5003
12491
5011
17231
26404
5012
7190
16653
17219
22638
26407
5025
5632
5027
19304
5041
5190
19150
29344
5044
5081
5045
5773
5047
27409
5048
6171
5049
17805
5054
5085
5774
12110
15462
16177
20459
26739
27057
27291
27558
28946
29170
29391
29604
5061
7850
5064
7109
9287
10243
12468
25258
5074
6963
5075
17565
23127
5088
15141
5091
11450
5093
6249
5096
14038
5101
5829
5103
5204
9690
16037
5105
5728
5113
22813
23272
5118
11163
5123
16038
5128
6283
5141
6211
11723
5144
24079
5146
16551
5154
22924
5159
17406
22855
5165
5166
15184
5182
26308
5184
14594
25191
5186
27493
5189
5714
5227
19929
5229
5674
5230
19838
5233
8754
5247
5372
24482
5265
27014
5269
11847
5271
8968
5277
13191
5278
19644
28394
5300
23601
5309
6711
5318
5672
5322
26443
5323
6934
18503
18677
20941
5324
28838
5329
28035
5333
5369
5364
6964
5370
5691
25588
5375
5563
5379
9801
5382
5518
5389
14614
17085
5398
14400
23829
5400
18431
5409
5574
5575
6234
5446
5497
5466
28364
5491
27709
5509
29051
29933
5515
5664
5520
18316
21964
25447
5547
26571
5549
5584
17088
17688
21582
23933
24928
5551
14305
18939
21086
5587
29940
5588
5590
5681
5619
5676
5635
9834
27556
5638
6337
5644
25717
5648
11945
16668
5651
11228
15437
5670
5703
5680
7066
5704
25661
5726
15447
27786
5730
17062
18299
5741
9417
29101
5761
6175
15452
5764
9411
9415
26933
5765
15771
5771
6263
5787
9284
9568
12925
5788
29812
5791
24222
5795
15148
5797
21584
5799
29156
5802
14889
5804
5825
5809
14895
5812
5840
5814
14662
5815
24673
5822
14101
27805
5826
15191
5832
17334
5835
11317
16274
5842
22069
5845
26870
5848
5851
8516
27442
5853
16007
5854
12332
5858
6387
6641
5871
5877
5873
5885
5888
12166
5898
8688
24154
24681
5905
5910
5996
6326
5906
19116
5908
6315
21483
5911
5964
5921
13703
5928
5950
6000
6748
24542
5943
21916
5946
7287
16062
5947
6332
23453
28665
5956
24875
5958
6043
6063
6073
5967
6007
6068
5979
5987
5989
6341
5991
6029
6067
6359
5992
6062
5995
6050
5997
6363
8586
11893
14126
18831
19032
19878
29548
6002
25828
6009
17385
6011
12512
6014
6323
15943
22576
6017
6031
6022
8315
15330
15666
6024
6044
6045
6333
6028
13952
6036
6609
6037
16978
20795
6061
16252
6066
6322
6069
11668
6076
9126
6082
12136
13301
16440
24803
6091
17552
28097
6094
9521
6095
6107
6098
15761
26051
6099
26694
6102
26403
6105
26219
6122
28586
6123
15598
6124
25854
6128
12406
6136
23028
6138
6149
6140
6151
6145
23851
25755
27316
6153
20719
6161
6202
6170
15457
6174
6212
6192
12723
6193
26578
6203
6208
9995
6213
15139
6216
23758
6227
26601
6232
24488
6246
15455
17651
21438
24269
27897
6247
16040
6254
6438
12850
15093
22450
6267
8447
6275
14147
6276
6939
22338
24401
6279
23603
26867
6282
26868
6284
14610
6290
15769
27845
28866
6312
6704
6320
22486
6321
21618
6351
25754
6369
14480
29921
6377
6394
15833
6384
6401
6403
6803
6386
12182
6391
6801
6399
6408
6419
6821
19597
20691
6409
6412
6809
24878
6413
6632
24563
29870
6431
6544
6433
6978
7415
16059
6435
7188
6445
7037
16663
6447
7236
6453
19659
6454
16355
6459
24381
6461
8806
6466
7024
7149
16061
6469
18598
6470
7307
16335
6471
26874
6473
16606
6480
15511
6485
6860
6488
15871
18102
6493
8657
6499
20747
6505
7107
6510
6528
6515
7155
7171
7187
6516
6536
6951
11958
6517
6880
7235
7410
6531
6993
6534
7049
7252
6537
7017
25760
25772
27166
6538
26491
6548
6874
7035
7388
6554
22639
6574
6864
6583
29161
6591
7048
7207
6611
6629
6614
27340
6615
21077
6616
13958
6619
25050
25455
6627
18129
18702
29842
6628
11455
6640
10049
6644
6645
6655
19551
26853
6657
6666
12003
6658
6708
6664
26854
6676
12608
6685
10118
12553
14570
15112
24022
6691
10920
6701
12945
16736
20981
6712
17575
6718
8465
12483
6721
15801
15816
25096
25544
6722
9225
6723
6729
6725
6734
6761
13115
13124
6737
7464
24229
6739
6743
6744
6767
6740
6753
6750
13083
6754
6758
6756
6787
6759
7800
16752
6768
17224
6789
13055
6790
24211
6793
13389
14996
18476
28804
6796
22570
22799
6797
6817
6812
18873
6813
22836
6814
16632
6815
25637
6816
15727
6823
7404
6839
7308
6841
27447
6844
20811
6849
7412
6850
16635
6858
16367
6859
6972
16324
6866
15477
6867
11012
6868
6952
7250
6869
7041
6881
7156
6885
20437
6887
7073
6889
26257
26260
26266
26622
6890
7153
6891
7195
18036
6903
16664
6904
7893
10475
6917
21563
25907
6920
13462
23769
6924
9270
14763
16233
6929
11010
11927
17562
21411
25451
6931
24440
6936
16652
6958
28287
6960
12403
6966
22255
6977
16316
6980
7204
6998
8647
15172
16023
23287
24841
7002
18579
21267
7004
7095
29459
7007
7254
7305
7014
7186
14575
16982
7028
18795
7032
21650
7034
7237
7056
11947
7070
15974
7071
20194
7087
25097
7092
12567
13445
13918
26595
28553
7099
11642
18370
7102
10069
7119
13837
7127
23377
7131
7389
7134
7374
7137
7273
7142
27245
7144
16076
7163
29040
7168
18057
7193
28229
7194
28130
7199
28159
7203
7889
19194
24594
7209
29701
7223
7766
7244
7748
7245
11248
7248
19720
7251
16605
7276
12519
17665
7281
7304
7298
11162
7310
28395
7320
19203
7321
7385
12436
7338
19632
7341
29725
7362
18359
27889
7390
24148
24433
7397
24698
24976
7401
7413
7407
11946
7420
9993
12699
16747
29033
7426
7451
7427
27371
7432
23006
29054
7435
10499
7441
9567
10320
12910
13256
22490
25266
25271
27269
7445
13395
16903
16946
20281
22614
29305
7466
18361
18590
7468
10144
13469
28703
7470
10897
7473
10313
7484
25460
7518
20295
7523
17439
28971
7542
8116
7543
10915
7544
11598
7546
10775
7553
8084
11345
11348
7555
8497
7556
18388
7557
28582
7563
8081
13471
15040
7564
22997
28759
7570
15123
15944
7575
8151
26270
7577
29070
7581
13598
27670
7593
28878
29728
7606
28788
7609
9016
7612
27377
7617
14713
7620
8762
7633
11872
23981
7634
8295
7635
7740
8593
8604
7638
7655
8308
10938
7644
27632
7647
15415
16303
22019
7654
7753
7656
8289
11115
11689
7660
17447
7662
14508
7680
22928
7690
10965
7703
11132
7706
11521
7720
9927
11546
14680
25279
7721
7735
7770
8024
10650
7723
9451
7739
10666
7743
10967
7760
8031
7761
10647
7769
20196
7771
17818
7788
8530
7789
8677
7792
8378
7795
20807
7812
19191
20689
7814
8374
12156
15901
7815
16535
7824
14847
7833
25935
26385
27448
7837
8661
9562
7844
28785
7848
19545
7852
8562
7862
17912
19911
21014
28731
7882
28105
7891
14751
7896
8136
7900
8399
7917
8382
7929
7939
7953
7943
8934
26355
29759
7949
24399
7951
15174
25015
7952
17985
7957
8561
7968
9332
7979
23348
7983
8214
8244
7994
8818
8000
10629
8007
17770
8015
28924
8019
28342
8027
29119
8034
25871
26755
8035
14307
8040
10934
8047
18053
8051
26170
8056
11574
8059
29796
8060
11686
8071
11930
8074
21278
22532
25547
26537
8079
23637
8082
17895
8106
10296
24210
25808
8115
22465
8119
9083
8121
29832
8135
23490
8140
8750
8142
9578
16340
8146
12279
8161
8555
8167
27465
8169
20764
8172
24745
8181
17941
8185
25983
26408
8195
13638
8198
12675
16675
22258
25397
8202
20861
23525
27862
27969
8204
15969
18185
20017
20296
20881
21155
8211
23447
8212
26295
28988
29702
8216
20055
8221
14317
28442
8225
8505
8229
10912
8269
11215
20772
8274
16614
8283
11312
8291
21444
22214
25643
26607
8319
20453
8327
13010
8353
19130
24695
8359
24193
8373
10706
20936
27168
29233
29385
8375
8853
8858
9966
10569
8377
8774
8405
28014
8407
28350
8415
13174
27106
27426
28514
8418
11935
28756
8419
10845
8421
17477
17580
8423
10752
8433
9756
13908
24879
8439
11315
11941
8440
12514
12883
8443
9062
8445
15961
8454
29864
8457
11343
8463
11057
8464
21496
8467
13882
8472
19250
26139
8480
9125
21796
8481
20098
28811
8493
11810
14097
25745
8508
14174
8525
8796
8529
13420
8543
20041
8549
21780
8552
14033
8554
17349
8556
29451
8560
17295
8564
8813
8568
9746
8572
16184
8576
22509
25259
8581
11814
8591
21072
8595
22535
8603
11819
8608
17103
8619
17222
17355
19189
8624
12691
17137
8636
26094
8646
24137
8651
18637
19299
19337
8658
23908
8663
10641
26027
8666
15012
8672
9147
8673
28839
8686
28247
8694
22562
8698
9717
8705
11654
8708
9875
8709
24911
8716
17171
8721
12151
8725
11920
8729
22966
8733
12895
8737
11895
8738
13307
13893
8740
12596
8747
24805
27211
28555
28761
8761
11035
8765
19195
8766
21497
8775
10319
8779
11943
8784
19052
8789
19167
26409
8791
13642
8792
9486
10351
8794
10887
29694
8795
8801
8802
16979
8809
8822
8815
24434
24712
8820
19967
23773
8823
27112
8828
9928
8830
23662
8831
8935
13849
23449
8837
8848
8839
10620
8840
22926
8852
10589
10612
11201
8855
10913
8856
25884
8866
15152
8871
9481
9755
11258
8872
10337
10685
19483
8873
9503
9760
8874
11242
11245
8875
10374
8882
10387
8884
9792
10354
8889
26651
8905
9766
8906
10369
8910
28069
28258
8912
10398
8916
11265
8917
9754
11254
8920
26725
29583
8927
18433
20748
8928
23556
8948
17271
8952
8990
9253
9573
8957
26095
8960
9870
8967
9866
8974
20785
8981
9004
8993
9261
9002
15353
15709
9003
9575
9009
9240
9018
28219
9021
11346
9036
14534
9038
18867
9047
9409
18276
18283
22923
26152
9049
11009
9054
28512
29607
9061
10776
9063
10762
14477
9081
13728
25303
9089
12713
9103
11749
9106
26035
9112
18717
9119
14311
9124
9725
9127
9226
9139
10565
10581
10856
9141
10262
11478
9146
27587
9148
24117
27569
9152
11755
9163
27171
9164
9250
24565
9173
18888
21000
9174
18151
9177
10100
9178
10993
9179
29790
9184
9187
9188
9190
9192
9203
9460
9470
16410
29125
9209
12063
9218
9457
9473
9474
9245
23177
9256
15865
21709
23238
9258
10484
12130
25235
9276
16270
9282
28916
9283
10279
12602
16712
18242
29840
9295
20402
25334
9297
28339
9309
9960
9317
9480
10347
10355
11249
12888
9319
9912
12356
12632
9322
12113
15900
9328
15250
9329
9951
12633
9337
19966
9340
23820
9352
10137
21963
9360
9894
9361
17654
9364
17984
9376
26007
9382
10862
9383
10591
11758
9387
15386
27319
9389
10566
9390
9740
9400
9459
9403
15658
9416
15644
9424
19094
26839
9429
17954
9433
9714
10872
11774
9437
10564
11735
9439
11763
9443
21571
9447
10325
10605
10878
10890
11159
11781
18272
24484
9461
9463
9466
28800
9469
9472
9471
11454
29380
9479
11960
9488
29374
9490
11235
9491
9798
9494
23608
9498
9771
9506
11250
14756
9507
27241
9527
12579
19091
9531
29337
9536
14600
19461
9538
11570
23588
9542
20419
9546
25081
9547
14040
9572
10833
9581
23102
9584
28656
9587
14021
24491
25144
28649
9595
23814
9609
21294
9618
12370
12371
12688
9649
12605
9658
13932
14540
9662
12350
9671
29267
9674
11155
9675
9722
9680
10590
9681
13474
24173
9684
10263
11449
11487
12078
25313
9685
10276
11154
9692
29866
9705
10277
9710
9713
9719
26557
9727
11431
9728
13277
17391
18548
9731
16524
25798
9732
9968
9741
23324
27023
9762
12615
9774
14181
9778
13881
9789
10335
9799
10336
9809
21283
9828
20636
9836
20049
9838
26884
9839
16202
9846
24985
24986
9854
18479
9867
21331
9886
17411
24341
9897
9942
15660
19022
23975
9905
24748
25285
28352
9916
24391
9939
9959
10219
12359
9949
15365
9958
23360
24705
9972
21931
9977
27686
29244
9982
24232
9985
13130
15001
17408
21912
9988
10899
9994
18516
10000
13566
17897
10006
15731
10029
10151
10060
11549
23355
10061
11575
11666
10085
11520
10088
15549
23520
10091
11564
10141
10170
10146
10730
10150
21448
10156
24701
10157
25238
10178
10788
10191
24090
25179
10203
12642
10205
19302
10223
13644
10239
21296
10247
12927
12951
10254
16791
10274
26454
10281
26167
10287
18281
10302
10919
12428
13719
10311
10331
11737
18484
10312
10557
10318
23830
10321
11202
10326
15453
10330
11164
10332
27570
27726
27744
10375
24141
10385
24917
10388
11287
10404
10737
10803
28336
10417
10476
10418
13140
19482
25296
10420
10746
10431
10436
10796
10434
17279
17291
10438
15734
25524
10441
10813
10452
26800
10478
26201
10480
24279
10518
10532
10539
10521
22379
10525
16488
10536
21297
10542
10546
10900
10561
15857
23804
24758
27197
10562
11493
18400
10575
15446
26525
29313
10578
17090
10583
24251
10592
23916
10593
11679
10613
10894
10621
23032
10633
15474
21980
10638
11413
10646
11116
10648
24679
10658
10870
11179
10664
14434
24750
27333
10668
11425
10670
17509
10683
24150
10686
28852
10687
15196
10700
10789
27128
10701
21521
10713
14557
10723
11020
11044
10728
10735
10744
16493
10755
20190
10758
13937
10760
11374
10765
27863
10767
21436
10772
11003
10774
14521
16554
22999
10783
22877
25160
26887
10816
18332
10827
14782
10836
18531
10882
11492
10896
16015
26506
10904
11369
10910
24458
29109
10948
12857
10952
11710
10973
12815
10980
25005
25022
10985
16078
21190
10991
11716
11033
28188
11034
12294
12297
11038
26427
11049
21710
11062
11330
27671
28979
11065
14471
20591
11068
17603
17979
23366
11069
16287
11073
11903
11078
20754
23681
11093
11365
11107
11817
11128
13983
11139
12541
26419
11147
15854
11148
27568
11150
19042
19045
19065
11151
25157
11167
13793
11176
14591
19946
11182
14686
23343
11183
24271
24308
11190
15298
11194
15261
16766
11204
27669
11221
11246
11229
27024
11243
13409
11253
14760
11255
11264
11256
21466
28263
11301
29361
29463
11313
11585
13262
11334
15117
11342
28326
11347
15984
11349
13938
14349
11381
25569
11398
29041
11418
15419
18703
18949
19555
11446
20634
11452
27420
11462
18526
26824
11465
29104
11469
20354
11490
23301
11512
16878
11518
11861
11519
29121
11542
18624
11556
13127
11562
11578
11576
28737
11586
14532
11590
12884
11608
11621
11611
16105
18068
19839
26324
11625
15979
11626
13456
13733
11632
26123
11641
26082
11656
12843
11660
17905
11675
26614
11700
19660
11702
17973
11729
17767
11742
23031
11746
15926
26963
27453
11753
25619
11761
20511
11833
15788
11835
22547
24528
27702
28837
11875
21552
24045
11890
19514
11902
26244
27946
29523
29730
11905
13606
11909
15978
11916
22235
11925
28806
11931
12705
11932
12032
12080
12207
11963
12775
12002
22526
28260
12009
12031
12033
12060
12011
12037
12061
12093
12015
12771
27455
12017
19161
12038
12058
12053
18032
23190
12064
16012
12067
13327
12072
26593
29943
12082
22889
12090
26055
29524
29762
12094
12176
12177
12206
12095
16210
16466
12099
17735
12102
12111
12103
16154
16159
16516
12121
20515
12123
16502
12128
21303
12131
19474
28013
28078
28697
12134
19025
12135
16456
12137
20268
12150
18012
24783
12154
12407
12157
15917
12159
16176
12175
19110
12194
12259
12209
19000
12238
12242
12482
12504
12239
27485
12273
12283
22761
12278
12285
12282
21702
12287
19763
24467
26953
28317
28563
29792
12289
19266
12292
19772
12303
29914
12311
16384
12315
12546
17217
12320
12547
12323
16413
12325
12339
16406
16416
16436
16439
12335
14138
12347
25863
12351
21679
12364
25505
12365
15044
12375
22230
23632
12381
22219
12410
13508
12413
26183
26432
12418
12751
21299
22767
12427
13731
12433
13730
12442
17443
27650
12443
15225
12446
22730
26881
12447
13739
21860
12464
24893
12469
29785
12495
28516
28775
12499
21398
25000
12523
17223
12525
23381
12526
21154
24194
24797
12530
17236
12543
29270
12545
12789
17035
12557
13226
12572
24471
12580
13385
12586
14281
12588
15872
12599
20527
12606
12619
12610
12854
12631
12933
12943
17172
26901
12636
23460
28228
12645
25237
12676
12991
12689
22787
12692
23920
26882
12696
15017
12704
23323
12712
17888
12718
12768
13443
12719
13440
12728
22960
12736
21050
21608
12762
15647
12764
22706
12778
13683
12780
12790
12787
15571
12794
15033
25650
12796
29909
12798
14200
12818
21219
12831
18351
12834
23159
12837
22956
12840
28888
12848
13108
13119
13138
12853
14377
28910
12855
29155
12859
17079
12864
29831
12867
19602
19627
12881
13160
13273
12891
12923
13525
13527
12904
13145
13521
13526
12906
13451
21227
12918
13246
13258
13286
12922
13284
20265
12926
21951
12956
13631
12962
23742
12992
17530
12995
22401
25513
13013
25444
13014
18628
13021
15672
13044
21615
27055
13050
22370
13059
15663
13073
13099
13084
13125
13085
15459
13091
13134
19688
13094
13105
13104
13116
13111
21792
13120
26860
13143
14054
13150
19175
13156
13259
13158
17459
13165
13257
13167
17216
13176
15907
13189
17588
20003
26954
13190
21777
13195
17283
13199
24714
13202
24463
13212
23271
13228
21518
13244
14515
21192
23179
23821
13253
16906
13261
16526
21788
13269
16705
13275
13464
13291
16657
13294
15697
13305
15355
13351
19860
13363
13370
13662
13677
13364
13702
13379
13391
13382
18311
23606
13383
13655
13393
19862
13446
27646
13461
17820
13468
23602
13483
24980
13489
19339
13492
29929
13497
24947
13507
13860
15584
13510
23188
13524
13532
13543
28029
13546
22812
24404
13550
26905
13560
22895
28145
13563
13565
13568
13574
13575
13570
13572
13573
13584
17300
18066
13612
19071
13614
29039
13615
28322
13645
21620
13651
23479
13657
17138
17479
13670
17021
13675
14558
13681
27210
29309
13684
14551
13717
14597
13727
25365
13768
15824
13773
15500
13777
14051
13781
21011
13814
14727
27914
28087
13816
26369
26906
27310
13844
17465
13848
15008
15014
15015
13851
22763
13864
15823
22136
29181
13867
27275
13878
17974
13888
14187
13894
13899
13895
13923
14172
14189
13902
28733
13904
13909
13912
15733
22549
13920
13929
13921
21864
13940
25915
13943
29587
13944
20115
13945
24949
25577
13950
13962
13966
13967
13977
14009
13997
14008
14005
14255
14011
22996
14014
15938
23383
14015
14256
14264
14023
14640
14028
29662
14042
15535
14044
17738
14046
14659
14917
14047
21485
14056
18134
14061
15818
14071
26589
14073
15538
15553
14074
14321
14075
14379
14076
14963
14078
14325
14634
15825
14080
15210
14086
18525
14089
23392
14106
14153
14117
21087
14118
14912
14125
14647
14142
29111
14146
20005
14175
26667
14183
14190
14198
14222
14202
14234
21736
14212
25708
14217
15609
15639
14218
23720
26713
14221
18635
14227
17491
14229
14235
14230
14243
14279
14280
14288
27033
27284
14300
25579
29851
14329
14916
14955
15522
14343
14979
15521
14355
28653
14356
14384
14361
14383
15211
26889
14371
20211
14372
16578
14374
26422
14390
15212
14397
18090
18130
18377
18389
14399
14404
14408
22527
14414
14416
14418
14466
14742
14421
29114
14423
14463
14725
14435
14730
14440
14461
14441
21762
14451
15705
14452
15475
14457
14750
14467
14703
14470
26909
14483
28348
14494
14519
14501
19420
14512
19975
23998
24824
14514
28175
14529
17558
20858
14530
29300
14539
15980
14544
14970
14546
29837
14595
15423
14598
15689
25142
14601
14611
14609
23700
14613
26186
14630
22267
14638
14944
14639
16448
14641
15789
14650
15853
14652
22274
14664
25112
14674
14679
14675
15641
14681
15235
14699
25759
14704
23973
24678
14705
24975
14714
28299
14733
19214
14738
14759
14749
27147
14753
25971
14757
29160
14762
16868
14774
14800
14779
14814
14815
14788
15656
14789
15905
14793
14803
14794
15106
14819
14835
14836
14893
22773
14915
15523
20581
14925
29383
14930
15206
14934
18914
15013
15018
15020
15025
15032
15038
15021
18101
22705
15023
15036
15028
19442
15031
15042
15053
23131
15082
15085
15098
20668
15099
28056
15102
29470
15120
16375
26179
15187
15463
15190
15438
15194
17815
15200
17755
15222
15805
15239
15520
15255
28001
15276
29631
15307
18096
18097
18136
18383
15313
15568
15339
21537
15363
15394
15385
15388
15417
15397
15400
16243
16264
15450
26575
15451
17253
20191
15466
24323
15489
15773
15499
16596
22383
15519
22245
23180
15536
23467
15543
16152
19168
15561
18564
15583
15588
15596
15591
15603
15600
18331
18696
19818
15605
15606
15607
16460
15629
21562
15631
19738
22157
15632
21401
23051
23334
23339
15646
15649
15654
15661
15679
16574
16599
15680
25078
15718
29684
15730
18517
21888
15743
23430
15777
16009
15794
16113
21465
23173
15838
19347
15845
17381
15851
15881
20968
29834
15860
16191
15862
23450
15870
16225
15899
29666
15904
16197
15909
18919
15911
19016
15913
20788
22640
15916
16224
15920
16514
15937
23824
15948
28149
28392
28617
15954
27858
15964
19019
21163
15993
16119
16001
24583
16005
29148
16020
16108
29700
16021
19454
16041
28986
16052
17847
16104
20460
16151
16153
16424
16443
16182
24664
16198
21133
26043
16211
26996
16218
22195
16221
20244
16245
16263
16266
28312
16278
17996
20120
16280
27059
16294
22774
26321
16296
28019
28769
16302
29491
16313
16637
16387
24099
16388
21661
16395
16409
16425
16451
16400
16859
20947
22484
23988
26746
16428
16509
23251
25345
28641
16432
22309
16438
18480
27032
16449
23061
16464
16519
16465
16481
16476
18770
16479
17338
16492
24694
16561
18569
21009
26076
16586
28308
16608
24728
16613
24782
16647
17599
16661
26434
16683
16853
17332
20729
23280
16684
21165
27873
16686
20996
16696
16701
18926
16702
20711
16706
22922
25039
16730
17965
16739
18902
16744
19193
16767
19571
16772
17576
16789
22823
16794
24182
24240
25046
16795
24273
16796
18234
16797
23688
16806
29671
16823
17639
17925
18219
22674
22789
23004
23687
24277
24298
24769
16825
25608
16833
23247
16834
20298
16835
20303
20573
20871
16843
22645
16845
20207
16862
17708
21144
16867
21132
16869
20594
16872
17185
21126
16881
20841
21166
16902
16968
17192
16911
16931
17205
16914
16915
16923
17198
16953
21069
16959
16963
16975
19344
16984
17579
16995
23134
29869
16997
25406
17014
27729
17019
21286
17024
24030
17031
17606
17037
17281
17040
27651
17041
17266
17270
17297
17042
19749
17044
28581
17047
20313
23393
17066
17917
17073
23691
17086
25042
17109
17345
17120
26288
17125
21598
17126
23160
17139
20551
20875
21143
17149
20870
17154
17173
17160
20580
17167
17421
17463
21181
17194
26801
17211
23752
17215
25868
17238
17241
17244
21306
22940
24328
17246
17252
17257
17481
17247
17493
17255
17487
17260
17496
17272
17285
17282
24547
29825
17299
22373
17308
25540
17313
17557
17315
23151
17322
17577
17323
23421
17326
17329
17561
17333
27194
17342
22702
17343
24786
17361
19539
24111
17362
22675
22835
17365
18520
17366
24294
17368
24958
17379
22806
17396
21412
24715
17405
26505
17409
17949
17433
19414
25683
17437
20546
17441
20856
17452
19275
23045
17467
28669
17482
17502
17488
24500
17489
17501
17526
17789
17538
17542
17548
22993
17559
17572
17563
29379
17570
19351
17586
17601
17592
19357
17618
17630
19310
17623
23209
17624
19317
17644
17942
17647
29877
17648
22701
17653
19083
17662
21194
17663
26323
17680
25045
17682
24202
17691
24904
17712
21365
17719
19378
17723
27748
17742
20884
17751
21151
17761
18025
17769
28254
17791
18072
17800
18077
17813
20818
17839
28261
17865
17908
17882
17901
17896
22392
17899
21234
17910
21153
17914
19887
17937
29561
17943
19183
23567
24426
17956
21831
17968
29968
17969
23465
17988
18163
26666
17994
17999
24267
18002
18039
26653
18011
18017
18034
18043
18038
19869
18076
18081
18083
18382
18092
18124
18104
25298
18127
28659
18139
25559
27572
18142
26166
18146
20512
18167
27006
18197
20578
18205
27768
18212
22973
18238
26989
18241
23679
18245
27781
18248
22097
18251
24436
24727
18261
25789
18269
21230
18270
23167
18286
25391
18295
29865
18302
18312
18306
26758
18324
18672
18329
18965
18337
19455
20701
18338
18627
18358
21798
18391
20220
18405
18680
18406
20033
18408
19263
19584
20116
23007
23029
23497
18414
19264
18419
24912
18436
20752
20769
20812
18441
20796
18445
20758
18450
27908
18452
18458
18466
18705
18500
25320
26182
18514
22972
24487
25116
18521
24181
29850
18524
25178
18530
26447
18544
22375
18554
24348
18557
22938
18559
25575
18565
18850
18572
29009
18587
19106
20215
18596
19460
18600
20681
18605
18880
18610
20406
18616
18929
18626
19804
18644
20720
18645
28021
18650
19287
18651
19873
18660
19566
18663
19001
19535
19852
18664
19549
18665
19856
18675
19290
18695
19002
19525
19583
18708
18970
19863
18711
19270
19824
18714
24468
18728
28148
18740
27318
29446
29602
18742
18775
26189
26618
29103
18743
26190
26486
18762
26168
27343
18765
26764
18766
26485
29447
18767
27303
18785
27324
18786
26483
18789
23751
26743
18794
29445
18817
19948
28106
18818
18854
19114
18819
18836
18822
19092
18832
18833
18847
18839
20096
18844
23728
18846
25068
18908
29905
18918
20157
18930
20974
18937
28025
18938
19215
19479
20702
18948
19284
18971
29024
18976
19832
18981
19864
18995
20518
18998
19585
19011
29617
19028
29939
19055
20501
20506
26468
28437
28833
29627
19085
20385
25322
19111
26351
19157
19458
19174
19190
19201
22587
19216
22622
22917
19226
20100
29029
19244
19825
19262
19854
19319
20205
24629
19327
19349
22548
25734
19334
19352
19338
25476
19346
20622
19376
21525
19389
22520
19404
19968
21630
25654
19425
25692
19451
27515
19453
20731
21008
26994
19480
20065
19490
20374
19512
20377
19518
24354
24366
19582
27577
28190
19590
19872
19605
27742
19625
21129
19640
26744
29605
29645
19646
24529
19663
27545
19664
24922
19669
22225
19705
25353
19706
25685
19712
21975
19718
26611
19719
21369
19742
26807
19774
20083
19785
20317
19787
20069
19792
20032
27904
19797
20029
19802
20061
19807
19810
20067
20361
19812
23895
19828
26645
19844
20412
19912
19921
19916
19920
19944
20791
23812
19969
23417
24827
25739
19979
27452
19991
20010
20018
20246
20290
19992
24742
19993
20000
19999
23296
20011
20263
20042
20084
20643
20048
21575
20056
24066
20073
22399
20075
21776
24867
20080
23640
23928
20123
23701
20143
23911
20163
22330
25758
20168
20174
20173
20182
20225
25335
20237
21048
20306
20869
20312
29167
20324
27438
20342
29237
20356
20615
20382
22561
20391
20395
20396
20404
20405
24953
24956
20411
20432
20413
20435
20421
20451
20463
25829
20466
27047
20468
22811
20514
27301
20522
20597
20534
23946
20540
27150
20652
20897
20653
20656
20663
20904
20906
20670
20898
20900
20902
20905
20738
23292
20751
23575
20753
29844
20778
24427
20835
20838
20867
21168
20927
28345
20929
20930
20931
28226
20942
21434
20945
27182
29576
20948
23903
20967
20971
21007
24661
21045
24051
25044
21088
27201
21094
21109
21097
21374
21099
21104
21105
21108
21180
23194
21184
21262
21226
25836
21251
22290
27548
21260
21280
21261
25797
21271
23042
21292
25830
27867
21311
22770
21314
27984
21326
24236
21346
21629
21358
28628
21362
21388
21394
28570
21405
24732
21410
23067
21413
22522
21418
22768
21420
28333
21424
23412
21458
29440
21464
24104
24131
21471
25512
21479
25509
21484
25523
21487
26897
21498
25534
21501
21517
21515
28467
21527
21809
26366
21530
21785
21534
22083
21538
21810
21813
22104
21544
21790
23800
21545
25593
21546
21611
21567
21856
21568
21872
21576
26787
21590
21871
24936
21609
23223
24031
24072
21610
21904
24352
21616
27141
21636
21685
21641
24825
21646
22716
21653
25667
21658
21674
21666
23953
21667
21971
21678
23114
21701
22784
23030
21703
25842
21708
21833
21716
21728
21719
21758
21725
24374
21729
28182
21766
27947
21768
21791
21772
21858
24858
21818
21822
21820
22082
21825
22078
21839
22028
21855
24351
21859
26054
21862
23498
21866
23763
21882
24089
21889
24633
25532
25545
21891
23774
21895
23790
24337
24667
21932
24850
21950
25784
21956
24848
21960
24903
21972
26704
21997
22107
22018
22608
29501
22024
22310
22034
29824
22045
22888
22058
24498
22080
22108
22116
23493
22133
25761
22140
22171
22147
22451
22722
22149
22448
22150
28096
22156
22726
22172
22447
22208
27532
22252
24221
22271
25735
26522
26533
26970
22283
23052
22284
22334
22306
25001
22339
22865
22361
22403
22366
27056
22394
27132
22404
22416
22405
22412
22414
22650
22417
22436
22434
22747
22437
22738
22445
22483
22463
24284
22487
22860
25457
22495
24541
22523
22533
22528
23844
25371
22537
24581
22556
25770
22567
22579
22624
22900
22568
29392
22577
23641
22603
22886
22635
25010
22644
22671
22647
27649
22648
27668
22651
22664
22659
22681
22676
24615
26215
26668
22712
24663
22778
22779
22814
23947
22819
24265
22824
24293
22833
24905
22872
29509
22876
28023
22887
22916
22919
23218
23262
26705
22920
24249
22961
27407
22970
23618
22974
23941
29254
22995
24506
23000
23703
23017
25779
23036
28831
23081
23227
23084
23145
23099
25446
26753
29873
23105
23409
23108
24586
23116
23143
23117
28416
23121
23380
23125
23435
23132
23440
23146
24577
23147
24578
25467
23148
23443
23172
23837
23868
23183
23561
23189
23810
23204
24729
23205
25114
27199
23213
24261
23224
24927
23225
24631
27653
23268
24490
23333
29135
23338
26414
23359
24413
27916
23375
23406
23384
23395
24557
24598
23414
28777
23422
25411
23451
25221
23474
23791
24666
23483
24313
23508
24205
23526
23527
23535
26566
23553
23576
23562
23806
23580
27557
23585
23807
23838
23593
25215
23614
24203
24759
23626
28948
23652
23925
28441
23709
28964
23729
29875
23739
24340
23740
24469
23753
25201
23808
24010
23818
27330
23992
26496
24044
24363
24120
25055
24156
24447
24157
24700
24178
25052
24180
26794
24227
28213
24244
27192
24245
24576
25407
25474
24250
26972
24259
25951
24274
25931
24301
26437
24331
25264
24336
24906
25327
24353
25610
24389
24446
25031
24390
24402
24445
24993
25026
25260
24396
24406
24407
26154
27304
24416
24451
24431
25274
24439
24455
24470
27497
24478
24820
24497
29411
24513
29105
24564
24595
24566
29872
24590
25408
24617
26778
24691
24731
24760
24806
25172
24774
25111
24826
25080
24840
25348
24856
29648
24866
25741
24873
29416
29626
24888
25756
24892
29023
24901
25584
24942
25185
24957
24960
24970
25150
24974
25008
25064
28424
25075
25585
25077
25690
25148
29315
25167
27553
27581
25189
25490
25192
25226
25292
29751
25304
25551
25347
25943
25358
27775
25416
25422
25439
25449
25597
25598
25622
27516
25670
25724
25704
26435
25709
25713
25775
25800
25791
28223
25857
25996
25867
26056
26676
29942
25874
25973
25875
28685
25876
26678
25883
26104
25903
29473
25911
26949
27481
25913
26374
26669
26928
29477
25917
26057
25921
26380
25923
26664
29016
25924
26652
25926
29722
25927
28691
25928
29514
25929
27674
25934
26544
25941
29140
25942
29466
25953
29325
29731
25954
28718
25989
26634
25991
26375
27491
29729
25993
28212
29015
25995
28165
26000
26943
27224
26015
28549
26030
26343
26033
28493
26058
28495
28855
29724
26073
27221
27492
29768
26111
26299
26118
28706
26124
27404
26136
27561
26157
27293
26169
29938
26206
27430
26214
26677
27222
28709
26245
28187
26246
29770
26249
26512
27982
26261
26492
26269
26701
27279
26271
29026
26285
27429
26293
27223
26300
29577
26329
27463
26344
28444
26354
27691
29767
26359
27280
27941
28197
26370
27801
26377
27782
26378
26400
26379
27945
26401
27427
26411
28707
29522
29753
26413
28721
26439
27292
26441
27506
26456
29179
26503
28314
26519
29508
26524
26556
26553
26554
26632
28269
26641
28711
26672
29734
26679
29584
26685
26907
26691
28445
26703
27317
27560
26717
27559
29164
29220
26726
29217
26728
29189
26783
28861
26813
27086
26820
28867
26821
27080
26836
27068
26850
29517
26938
28463
26945
27218
26962
27939
28443
29579
26980
28196
26990
27276
27010
28343
27018
27062
29624
27027
27562
27096
27360
27103
27353
27129
27681
27138
27373
27143
29001
27247
28987
27278
28457
29732
27298
27743
27329
28893
27345
29062
27375
27605
27376
27408
27379
29286
27394
27418
27421
27585
27428
29563
27459
28556
27475
29525
27514
29529
27528
29910
27571
27754
27592
29090
27615
27813
27619
28547
27623
27628
27630
27828
27635
27797
27636
28675
29113
29530
27682
29471
27687
28225
29280
27693
29283
27708
27878
27747
29231
27791
27837
27798
29711
27864
28826
27874
27877
27883
27903
27911
28093
27887
28104
28118
27902
29273
27940
29802
27949
29580
27955
29687
27991
28513
28028
28267
28071
28227
28131
28147
28399
28133
28388
28402
28638
28139
28605
28152
29912
28155
28972
28199
29692
28202
29239
28205
28311
28259
28869
28373
28609
28400
28434
28425
29221
28432
28439
28433
28611
28473
28975
28492
28973
28494
29807
28496
28963
29475
28538
28544
28551
28578
28559
28760
28583
28802
28588
28743
28658
28939
28667
29376
28673
28708
29240
29324
28710
28722
28716
29017
28742
28956
28776
29020
28818
28952
28889
28914
29002
29276
29008
29010
29056
29057
29162
29809
29281
29323
29342
29944
29378
29565
29472
29504
29493
29714
29581
29681
29679
29733
